12
13
10
12
9
9
20
16
16
10
20
16
9
11
13
13
17
19
24
14
9
24
13
16
16
15
11
15
15
13
16
8
9
14
7
9
16
15
10
9
30
13
18
2
7
1
14
12
9
12
18
11
14
12
13
5
11
11
18
9
13
14
10
21
18
14
4
7
12
12
14
7
10
15
10
8
14
13
6
17
15
11
11
12
14
12
9
14
22
15
37
11
5
3
22
11
39
4
17
25
81
12
7
25
17
7
10
27
6
4
3
9
7
5
11
6
3
4
4
3
13
16
26
13
22
7
14
19
4
7
22
2
9
5
7
26
4
8
8
5
23
7
9
7
10
15
7
24
7
13
25
20
4
11
23
12
24
8
5
11
8
3
15
12
6
35
12
7
4
9
15
13
1
4
5
20
10
19
17
7
12
2
3
6
9
11
9
11
4
10
7
6
6
4
6
21
6
14
15
13
13
8
4
5
12
13
6
8
10
31
6
19
8
20
6
10
9
9
12
20
6
10
7
7
12
11
8
12
14
14
6
9
12
7
9
6
11
13
10
17
12
14
6
14
11
17
11
4
9
17
8
11
8
14
17
7
6
1
1
10
11
12
16
29
11
3
8
32
10
22
4
6
6
11
15
9
9
9
3
34
12
12
17
10
15
11
6
10
4
7
11
11
13
12
3
1
5
7
1
12
18
9
4
9
3
15
9
9
60
10
17
12
8
9
8
13
5
10
8
9
15
20
13
10
9
21
17
14
10
19
2
