solver_type L2R_L2LOSS_SVC
nr_class 2
label 1 -1
nr_feature 20
bias 1
w
-0.4867543042672817 
0.09045162944239224 
-0.8424697279753076 
-0.03756644221111155 
0.88414781258556 
-0.5296919484466623 
0.7621556850234599 
0.0779900062259669 
0.6877840066071901 
0.03100821036684107 
0.2347737520348168 
-0.6021821242283742 
0.1553745401727394 
0.02798194965956377 
0.7579120340337984 
0.395810523900728 
-0.03029535785485849 
-0.6526180024792703 
0.5817496994176938 
0.1682493163459158 
-0.9877410916172853 
