1 12
1 7
1 12
1 11
1 7
1 15
1 10
1 41
1 8
1 19
1 7
1 11
1 12
1 14
1 13
1 10
1 13
1 18
1 26
1 14
1 14
1 8
1 5
1 4
1 14
1 7
-1 24
-1 12
-1 18
-1 5
-1 13
-1 37
-1 11
-1 5
-1 24
-1 12
-1 22
-1 10
-1 24
-1 10
-1 21
-1 15
-1 8
-1 8
-1 9
-1 12
-1 21
-1 16
-1 21
-1 15
-1 17
-1 25
-1 19
-1 18
-1 21
-1 12
-1 13
-1 7
-1 8
-1 6
-1 13
-1 19
-1 18
-1 8
-1 8
-1 14
-1 7
-1 11
-1 18
-1 18
-1 16
-1 10
-1 11
-1 11
-1 10
-1 15
-1 24
-1 6
-1 16
-1 12
-1 11
-1 20
-1 15
-1 30
-1 7
-1 10
-1 13
-1 29
-1 16
-1 6
-1 24
-1 9
-1 6
-1 14
-1 21
-1 13
-1 11
-1 13
-1 10
-1 15
-1 15
-1 8
-1 7
-1 6
-1 13
-1 6
-1 9
-1 12
-1 11
-1 13
-1 15
-1 13
-1 22
-1 11
-1 7
-1 17
-1 21
-1 16
-1 21
-1 23
-1 15
-1 32
-1 13
-1 80
-1 9
-1 15
-1 20
-1 8
-1 8
-1 24
-1 13
-1 27
-1 19
-1 18
-1 14
-1 2
-1 8
-1 20
-1 13
-1 15
-1 14
-1 10
-1 12
-1 11
-1 10
-1 5
-1 15
-1 12
-1 19
-1 5
-1 20
-1 14
