1 10
1 14
1 12
1 7
1 14
1 16
1 24
1 11
1 10
-1 15
-1 25
-1 6
-1 25
-1 10
-1 22
-1 18
-1 21
-1 9
-1 21
-1 13
-1 9
-1 12
-1 7
-1 16
-1 11
-1 16
-1 10
-1 18
-1 16
-1 16
-1 26
-1 16
-1 7
-1 19
-1 10
-1 14
-1 15
-1 29
-1 8
-1 10
-1 9
-1 9
-1 9
-1 13
-1 16
-1 12
-1 16
-1 15
-1 20
-1 9
-1 20
-1 25
-1 5
-1 5
-1 16
-1 8
-1 18
-1 29
-1 17
-1 4
-1 11
-1 19
-1 12
-1 17
-1 26
-1 30
-1 11
-1 24
-1 9
-1 6
-1 26
-1 13
-1 12
-1 15
-1 14
-1 9
-1 26
-1 12
-1 5
-1 8
-1 10
-1 10
-1 21
-1 23
-1 20
-1 10
-1 14
-1 29
-1 27
-1 28
-1 19
-1 26
-1 7
-1 10
-1 13
-1 38
-1 22
-1 44
-1 3
-1 29
-1 10
-1 17
-1 28
